154
154
324
11 11 12 12
16 11 17 12
21 11 22 12
11 16 12 17
16 16 17 17
21 16 22 17
11 21 12 22
16 21 17 22
21 21 22 22
35 11 36 12
40 11 41 12
45 11 46 12
35 16 36 17
40 16 41 17
45 16 46 17
35 21 36 22
40 21 41 22
45 21 46 22
59 11 60 12
64 11 65 12
69 11 70 12
59 16 60 17
64 16 65 17
69 16 70 17
59 21 60 22
64 21 65 22
69 21 70 22
83 11 84 12
88 11 89 12
93 11 94 12
83 16 84 17
88 16 89 17
93 16 94 17
83 21 84 22
88 21 89 22
93 21 94 22
107 11 108 12
112 11 113 12
117 11 118 12
107 16 108 17
112 16 113 17
117 16 118 17
107 21 108 22
112 21 113 22
117 21 118 22
131 11 132 12
136 11 137 12
141 11 142 12
131 16 132 17
136 16 137 17
141 16 142 17
131 21 132 22
136 21 137 22
141 21 142 22
11 35 12 36
16 35 17 36
21 35 22 36
11 40 12 41
16 40 17 41
21 40 22 41
11 45 12 46
16 45 17 46
21 45 22 46
35 35 36 36
40 35 41 36
45 35 46 36
35 40 36 41
40 40 41 41
45 40 46 41
35 45 36 46
40 45 41 46
45 45 46 46
59 35 60 36
64 35 65 36
69 35 70 36
59 40 60 41
64 40 65 41
69 40 70 41
59 45 60 46
64 45 65 46
69 45 70 46
83 35 84 36
88 35 89 36
93 35 94 36
83 40 84 41
88 40 89 41
93 40 94 41
83 45 84 46
88 45 89 46
93 45 94 46
107 35 108 36
112 35 113 36
117 35 118 36
107 40 108 41
112 40 113 41
117 40 118 41
107 45 108 46
112 45 113 46
117 45 118 46
131 35 132 36
136 35 137 36
141 35 142 36
131 40 132 41
136 40 137 41
141 40 142 41
131 45 132 46
136 45 137 46
141 45 142 46
11 59 12 60
16 59 17 60
21 59 22 60
11 64 12 65
16 64 17 65
21 64 22 65
11 69 12 70
16 69 17 70
21 69 22 70
35 59 36 60
40 59 41 60
45 59 46 60
35 64 36 65
40 64 41 65
45 64 46 65
35 69 36 70
40 69 41 70
45 69 46 70
59 59 60 60
64 59 65 60
69 59 70 60
59 64 60 65
64 64 65 65
69 64 70 65
59 69 60 70
64 69 65 70
69 69 70 70
83 59 84 60
88 59 89 60
93 59 94 60
83 64 84 65
88 64 89 65
93 64 94 65
83 69 84 70
88 69 89 70
93 69 94 70
107 59 108 60
112 59 113 60
117 59 118 60
107 64 108 65
112 64 113 65
117 64 118 65
107 69 108 70
112 69 113 70
117 69 118 70
131 59 132 60
136 59 137 60
141 59 142 60
131 64 132 65
136 64 137 65
141 64 142 65
131 69 132 70
136 69 137 70
141 69 142 70
11 83 12 84
16 83 17 84
21 83 22 84
11 88 12 89
16 88 17 89
21 88 22 89
11 93 12 94
16 93 17 94
21 93 22 94
35 83 36 84
40 83 41 84
45 83 46 84
35 88 36 89
40 88 41 89
45 88 46 89
35 93 36 94
40 93 41 94
45 93 46 94
59 83 60 84
64 83 65 84
69 83 70 84
59 88 60 89
64 88 65 89
69 88 70 89
59 93 60 94
64 93 65 94
69 93 70 94
83 83 84 84
88 83 89 84
93 83 94 84
83 88 84 89
88 88 89 89
93 88 94 89
83 93 84 94
88 93 89 94
93 93 94 94
107 83 108 84
112 83 113 84
117 83 118 84
107 88 108 89
112 88 113 89
117 88 118 89
107 93 108 94
112 93 113 94
117 93 118 94
131 83 132 84
136 83 137 84
141 83 142 84
131 88 132 89
136 88 137 89
141 88 142 89
131 93 132 94
136 93 137 94
141 93 142 94
11 107 12 108
16 107 17 108
21 107 22 108
11 112 12 113
16 112 17 113
21 112 22 113
11 117 12 118
16 117 17 118
21 117 22 118
35 107 36 108
40 107 41 108
45 107 46 108
35 112 36 113
40 112 41 113
45 112 46 113
35 117 36 118
40 117 41 118
45 117 46 118
59 107 60 108
64 107 65 108
69 107 70 108
59 112 60 113
64 112 65 113
69 112 70 113
59 117 60 118
64 117 65 118
69 117 70 118
83 107 84 108
88 107 89 108
93 107 94 108
83 112 84 113
88 112 89 113
93 112 94 113
83 117 84 118
88 117 89 118
93 117 94 118
107 107 108 108
112 107 113 108
117 107 118 108
107 112 108 113
112 112 113 113
117 112 118 113
107 117 108 118
112 117 113 118
117 117 118 118
131 107 132 108
136 107 137 108
141 107 142 108
131 112 132 113
136 112 137 113
141 112 142 113
131 117 132 118
136 117 137 118
141 117 142 118
11 131 12 132
16 131 17 132
21 131 22 132
11 136 12 137
16 136 17 137
21 136 22 137
11 141 12 142
16 141 17 142
21 141 22 142
35 131 36 132
40 131 41 132
45 131 46 132
35 136 36 137
40 136 41 137
45 136 46 137
35 141 36 142
40 141 41 142
45 141 46 142
59 131 60 132
64 131 65 132
69 131 70 132
59 136 60 137
64 136 65 137
69 136 70 137
59 141 60 142
64 141 65 142
69 141 70 142
83 131 84 132
88 131 89 132
93 131 94 132
83 136 84 137
88 136 89 137
93 136 94 137
83 141 84 142
88 141 89 142
93 141 94 142
107 131 108 132
112 131 113 132
117 131 118 132
107 136 108 137
112 136 113 137
117 136 118 137
107 141 108 142
112 141 113 142
117 141 118 142
131 131 132 132
136 131 137 132
141 131 142 132
131 136 132 137
136 136 137 137
141 136 142 137
131 141 132 142
136 141 137 142
141 141 142 142
720
10 12 10 21
12 10 21 10
23 12 23 21
12 23 21 23
11 13 11 15
22 13 22 15
11 18 11 20
22 18 22 20
13 11 15 11
18 11 20 11
13 22 15 22
18 22 20 22
17 13 17 15
16 18 16 20
13 16 15 16
18 17 20 17
12 13 16 15
18 16 21 13
13 21 15 17
17 18 20 21
34 12 34 21
36 10 45 10
47 12 47 21
36 23 45 23
35 13 35 15
46 13 46 15
35 18 35 20
46 18 46 20
37 11 39 11
42 11 44 11
37 22 39 22
42 22 44 22
41 13 41 15
40 18 40 20
37 16 39 16
42 17 44 17
36 13 40 15
42 16 45 13
37 21 39 17
41 18 44 21
58 12 58 21
60 10 69 10
71 12 71 21
60 23 69 23
59 13 59 15
70 13 70 15
59 18 59 20
70 18 70 20
61 11 63 11
66 11 68 11
61 22 63 22
66 22 68 22
65 13 65 15
64 18 64 20
61 16 63 16
66 17 68 17
60 13 64 15
66 16 69 13
61 21 63 17
65 18 68 21
82 12 82 21
84 10 93 10
95 12 95 21
84 23 93 23
83 13 83 15
94 13 94 15
83 18 83 20
94 18 94 20
85 11 87 11
90 11 92 11
85 22 87 22
90 22 92 22
89 13 89 15
88 18 88 20
85 16 87 16
90 17 92 17
84 13 88 15
90 16 93 13
85 21 87 17
89 18 92 21
106 12 106 21
108 10 117 10
119 12 119 21
108 23 117 23
107 13 107 15
118 13 118 15
107 18 107 20
118 18 118 20
109 11 111 11
114 11 116 11
109 22 111 22
114 22 116 22
113 13 113 15
112 18 112 20
109 16 111 16
114 17 116 17
108 13 112 15
114 16 117 13
109 21 111 17
113 18 116 21
130 12 130 21
132 10 141 10
143 12 143 21
132 23 141 23
131 13 131 15
142 13 142 15
131 18 131 20
142 18 142 20
133 11 135 11
138 11 140 11
133 22 135 22
138 22 140 22
137 13 137 15
136 18 136 20
133 16 135 16
138 17 140 17
132 13 136 15
138 16 141 13
133 21 135 17
137 18 140 21
10 36 10 45
12 34 21 34
23 36 23 45
12 47 21 47
11 37 11 39
22 37 22 39
11 42 11 44
22 42 22 44
13 35 15 35
18 35 20 35
13 46 15 46
18 46 20 46
17 37 17 39
16 42 16 44
13 40 15 40
18 41 20 41
12 37 16 39
18 40 21 37
13 45 15 41
17 42 20 45
34 36 34 45
36 34 45 34
47 36 47 45
36 47 45 47
35 37 35 39
46 37 46 39
35 42 35 44
46 42 46 44
37 35 39 35
42 35 44 35
37 46 39 46
42 46 44 46
41 37 41 39
40 42 40 44
37 40 39 40
42 41 44 41
36 37 40 39
42 40 45 37
37 45 39 41
41 42 44 45
58 36 58 45
60 34 69 34
71 36 71 45
60 47 69 47
59 37 59 39
70 37 70 39
59 42 59 44
70 42 70 44
61 35 63 35
66 35 68 35
61 46 63 46
66 46 68 46
65 37 65 39
64 42 64 44
61 40 63 40
66 41 68 41
60 37 64 39
66 40 69 37
61 45 63 41
65 42 68 45
82 36 82 45
84 34 93 34
95 36 95 45
84 47 93 47
83 37 83 39
94 37 94 39
83 42 83 44
94 42 94 44
85 35 87 35
90 35 92 35
85 46 87 46
90 46 92 46
89 37 89 39
88 42 88 44
85 40 87 40
90 41 92 41
84 37 88 39
90 40 93 37
85 45 87 41
89 42 92 45
106 36 106 45
108 34 117 34
119 36 119 45
108 47 117 47
107 37 107 39
118 37 118 39
107 42 107 44
118 42 118 44
109 35 111 35
114 35 116 35
109 46 111 46
114 46 116 46
113 37 113 39
112 42 112 44
109 40 111 40
114 41 116 41
108 37 112 39
114 40 117 37
109 45 111 41
113 42 116 45
130 36 130 45
132 34 141 34
143 36 143 45
132 47 141 47
131 37 131 39
142 37 142 39
131 42 131 44
142 42 142 44
133 35 135 35
138 35 140 35
133 46 135 46
138 46 140 46
137 37 137 39
136 42 136 44
133 40 135 40
138 41 140 41
132 37 136 39
138 40 141 37
133 45 135 41
137 42 140 45
10 60 10 69
12 58 21 58
23 60 23 69
12 71 21 71
11 61 11 63
22 61 22 63
11 66 11 68
22 66 22 68
13 59 15 59
18 59 20 59
13 70 15 70
18 70 20 70
17 61 17 63
16 66 16 68
13 64 15 64
18 65 20 65
12 61 16 63
18 64 21 61
13 69 15 65
17 66 20 69
34 60 34 69
36 58 45 58
47 60 47 69
36 71 45 71
35 61 35 63
46 61 46 63
35 66 35 68
46 66 46 68
37 59 39 59
42 59 44 59
37 70 39 70
42 70 44 70
41 61 41 63
40 66 40 68
37 64 39 64
42 65 44 65
36 61 40 63
42 64 45 61
37 69 39 65
41 66 44 69
58 60 58 69
60 58 69 58
71 60 71 69
60 71 69 71
59 61 59 63
70 61 70 63
59 66 59 68
70 66 70 68
61 59 63 59
66 59 68 59
61 70 63 70
66 70 68 70
65 61 65 63
64 66 64 68
61 64 63 64
66 65 68 65
60 61 64 63
66 64 69 61
61 69 63 65
65 66 68 69
82 60 82 69
84 58 93 58
95 60 95 69
84 71 93 71
83 61 83 63
94 61 94 63
83 66 83 68
94 66 94 68
85 59 87 59
90 59 92 59
85 70 87 70
90 70 92 70
89 61 89 63
88 66 88 68
85 64 87 64
90 65 92 65
84 61 88 63
90 64 93 61
85 69 87 65
89 66 92 69
106 60 106 69
108 58 117 58
119 60 119 69
108 71 117 71
107 61 107 63
118 61 118 63
107 66 107 68
118 66 118 68
109 59 111 59
114 59 116 59
109 70 111 70
114 70 116 70
113 61 113 63
112 66 112 68
109 64 111 64
114 65 116 65
108 61 112 63
114 64 117 61
109 69 111 65
113 66 116 69
130 60 130 69
132 58 141 58
143 60 143 69
132 71 141 71
131 61 131 63
142 61 142 63
131 66 131 68
142 66 142 68
133 59 135 59
138 59 140 59
133 70 135 70
138 70 140 70
137 61 137 63
136 66 136 68
133 64 135 64
138 65 140 65
132 61 136 63
138 64 141 61
133 69 135 65
137 66 140 69
10 84 10 93
12 82 21 82
23 84 23 93
12 95 21 95
11 85 11 87
22 85 22 87
11 90 11 92
22 90 22 92
13 83 15 83
18 83 20 83
13 94 15 94
18 94 20 94
17 85 17 87
16 90 16 92
13 88 15 88
18 89 20 89
12 85 16 87
18 88 21 85
13 93 15 89
17 90 20 93
34 84 34 93
36 82 45 82
47 84 47 93
36 95 45 95
35 85 35 87
46 85 46 87
35 90 35 92
46 90 46 92
37 83 39 83
42 83 44 83
37 94 39 94
42 94 44 94
41 85 41 87
40 90 40 92
37 88 39 88
42 89 44 89
36 85 40 87
42 88 45 85
37 93 39 89
41 90 44 93
58 84 58 93
60 82 69 82
71 84 71 93
60 95 69 95
59 85 59 87
70 85 70 87
59 90 59 92
70 90 70 92
61 83 63 83
66 83 68 83
61 94 63 94
66 94 68 94
65 85 65 87
64 90 64 92
61 88 63 88
66 89 68 89
60 85 64 87
66 88 69 85
61 93 63 89
65 90 68 93
82 84 82 93
84 82 93 82
95 84 95 93
84 95 93 95
83 85 83 87
94 85 94 87
83 90 83 92
94 90 94 92
85 83 87 83
90 83 92 83
85 94 87 94
90 94 92 94
89 85 89 87
88 90 88 92
85 88 87 88
90 89 92 89
84 85 88 87
90 88 93 85
85 93 87 89
89 90 92 93
106 84 106 93
108 82 117 82
119 84 119 93
108 95 117 95
107 85 107 87
118 85 118 87
107 90 107 92
118 90 118 92
109 83 111 83
114 83 116 83
109 94 111 94
114 94 116 94
113 85 113 87
112 90 112 92
109 88 111 88
114 89 116 89
108 85 112 87
114 88 117 85
109 93 111 89
113 90 116 93
130 84 130 93
132 82 141 82
143 84 143 93
132 95 141 95
131 85 131 87
142 85 142 87
131 90 131 92
142 90 142 92
133 83 135 83
138 83 140 83
133 94 135 94
138 94 140 94
137 85 137 87
136 90 136 92
133 88 135 88
138 89 140 89
132 85 136 87
138 88 141 85
133 93 135 89
137 90 140 93
10 108 10 117
12 106 21 106
23 108 23 117
12 119 21 119
11 109 11 111
22 109 22 111
11 114 11 116
22 114 22 116
13 107 15 107
18 107 20 107
13 118 15 118
18 118 20 118
17 109 17 111
16 114 16 116
13 112 15 112
18 113 20 113
12 109 16 111
18 112 21 109
13 117 15 113
17 114 20 117
34 108 34 117
36 106 45 106
47 108 47 117
36 119 45 119
35 109 35 111
46 109 46 111
35 114 35 116
46 114 46 116
37 107 39 107
42 107 44 107
37 118 39 118
42 118 44 118
41 109 41 111
40 114 40 116
37 112 39 112
42 113 44 113
36 109 40 111
42 112 45 109
37 117 39 113
41 114 44 117
58 108 58 117
60 106 69 106
71 108 71 117
60 119 69 119
59 109 59 111
70 109 70 111
59 114 59 116
70 114 70 116
61 107 63 107
66 107 68 107
61 118 63 118
66 118 68 118
65 109 65 111
64 114 64 116
61 112 63 112
66 113 68 113
60 109 64 111
66 112 69 109
61 117 63 113
65 114 68 117
82 108 82 117
84 106 93 106
95 108 95 117
84 119 93 119
83 109 83 111
94 109 94 111
83 114 83 116
94 114 94 116
85 107 87 107
90 107 92 107
85 118 87 118
90 118 92 118
89 109 89 111
88 114 88 116
85 112 87 112
90 113 92 113
84 109 88 111
90 112 93 109
85 117 87 113
89 114 92 117
106 108 106 117
108 106 117 106
119 108 119 117
108 119 117 119
107 109 107 111
118 109 118 111
107 114 107 116
118 114 118 116
109 107 111 107
114 107 116 107
109 118 111 118
114 118 116 118
113 109 113 111
112 114 112 116
109 112 111 112
114 113 116 113
108 109 112 111
114 112 117 109
109 117 111 113
113 114 116 117
130 108 130 117
132 106 141 106
143 108 143 117
132 119 141 119
131 109 131 111
142 109 142 111
131 114 131 116
142 114 142 116
133 107 135 107
138 107 140 107
133 118 135 118
138 118 140 118
137 109 137 111
136 114 136 116
133 112 135 112
138 113 140 113
132 109 136 111
138 112 141 109
133 117 135 113
137 114 140 117
10 132 10 141
12 130 21 130
23 132 23 141
12 143 21 143
11 133 11 135
22 133 22 135
11 138 11 140
22 138 22 140
13 131 15 131
18 131 20 131
13 142 15 142
18 142 20 142
17 133 17 135
16 138 16 140
13 136 15 136
18 137 20 137
12 133 16 135
18 136 21 133
13 141 15 137
17 138 20 141
34 132 34 141
36 130 45 130
47 132 47 141
36 143 45 143
35 133 35 135
46 133 46 135
35 138 35 140
46 138 46 140
37 131 39 131
42 131 44 131
37 142 39 142
42 142 44 142
41 133 41 135
40 138 40 140
37 136 39 136
42 137 44 137
36 133 40 135
42 136 45 133
37 141 39 137
41 138 44 141
58 132 58 141
60 130 69 130
71 132 71 141
60 143 69 143
59 133 59 135
70 133 70 135
59 138 59 140
70 138 70 140
61 131 63 131
66 131 68 131
61 142 63 142
66 142 68 142
65 133 65 135
64 138 64 140
61 136 63 136
66 137 68 137
60 133 64 135
66 136 69 133
61 141 63 137
65 138 68 141
82 132 82 141
84 130 93 130
95 132 95 141
84 143 93 143
83 133 83 135
94 133 94 135
83 138 83 140
94 138 94 140
85 131 87 131
90 131 92 131
85 142 87 142
90 142 92 142
89 133 89 135
88 138 88 140
85 136 87 136
90 137 92 137
84 133 88 135
90 136 93 133
85 141 87 137
89 138 92 141
106 132 106 141
108 130 117 130
119 132 119 141
108 143 117 143
107 133 107 135
118 133 118 135
107 138 107 140
118 138 118 140
109 131 111 131
114 131 116 131
109 142 111 142
114 142 116 142
113 133 113 135
112 138 112 140
109 136 111 136
114 137 116 137
108 133 112 135
114 136 117 133
109 141 111 137
113 138 116 141
130 132 130 141
132 130 141 130
143 132 143 141
132 143 141 143
131 133 131 135
142 133 142 135
131 138 131 140
142 138 142 140
133 131 135 131
138 131 140 131
133 142 135 142
138 142 140 142
137 133 137 135
136 138 136 140
133 136 135 136
138 137 140 137
132 133 136 135
138 136 141 133
133 141 135 137
137 138 140 141
