82
82
81
11 11 12 12
16 11 17 12
21 11 22 12
11 16 12 17
16 16 17 17
21 16 22 17
11 21 12 22
16 21 17 22
21 21 22 22
35 11 36 12
40 11 41 12
45 11 46 12
35 16 36 17
40 16 41 17
45 16 46 17
35 21 36 22
40 21 41 22
45 21 46 22
59 11 60 12
64 11 65 12
69 11 70 12
59 16 60 17
64 16 65 17
69 16 70 17
59 21 60 22
64 21 65 22
69 21 70 22
11 35 12 36
16 35 17 36
21 35 22 36
11 40 12 41
16 40 17 41
21 40 22 41
11 45 12 46
16 45 17 46
21 45 22 46
35 35 36 36
40 35 41 36
45 35 46 36
35 40 36 41
40 40 41 41
45 40 46 41
35 45 36 46
40 45 41 46
45 45 46 46
59 35 60 36
64 35 65 36
69 35 70 36
59 40 60 41
64 40 65 41
69 40 70 41
59 45 60 46
64 45 65 46
69 45 70 46
11 59 12 60
16 59 17 60
21 59 22 60
11 64 12 65
16 64 17 65
21 64 22 65
11 69 12 70
16 69 17 70
21 69 22 70
35 59 36 60
40 59 41 60
45 59 46 60
35 64 36 65
40 64 41 65
45 64 46 65
35 69 36 70
40 69 41 70
45 69 46 70
59 59 60 60
64 59 65 60
69 59 70 60
59 64 60 65
64 64 65 65
69 64 70 65
59 69 60 70
64 69 65 70
69 69 70 70
180
10 12 10 21
12 10 21 10
23 12 23 21
12 23 21 23
11 13 11 15
22 13 22 15
11 18 11 20
22 18 22 20
13 11 15 11
18 11 20 11
13 22 15 22
18 22 20 22
17 13 17 15
16 18 16 20
13 16 15 16
18 17 20 17
12 13 16 15
18 16 21 13
13 21 15 17
17 18 20 21
34 12 34 21
36 10 45 10
47 12 47 21
36 23 45 23
35 13 35 15
46 13 46 15
35 18 35 20
46 18 46 20
37 11 39 11
42 11 44 11
37 22 39 22
42 22 44 22
41 13 41 15
40 18 40 20
37 16 39 16
42 17 44 17
36 13 40 15
42 16 45 13
37 21 39 17
41 18 44 21
58 12 58 21
60 10 69 10
71 12 71 21
60 23 69 23
59 13 59 15
70 13 70 15
59 18 59 20
70 18 70 20
61 11 63 11
66 11 68 11
61 22 63 22
66 22 68 22
65 13 65 15
64 18 64 20
61 16 63 16
66 17 68 17
60 13 64 15
66 16 69 13
61 21 63 17
65 18 68 21
10 36 10 45
12 34 21 34
23 36 23 45
12 47 21 47
11 37 11 39
22 37 22 39
11 42 11 44
22 42 22 44
13 35 15 35
18 35 20 35
13 46 15 46
18 46 20 46
17 37 17 39
16 42 16 44
13 40 15 40
18 41 20 41
12 37 16 39
18 40 21 37
13 45 15 41
17 42 20 45
34 36 34 45
36 34 45 34
47 36 47 45
36 47 45 47
35 37 35 39
46 37 46 39
35 42 35 44
46 42 46 44
37 35 39 35
42 35 44 35
37 46 39 46
42 46 44 46
41 37 41 39
40 42 40 44
37 40 39 40
42 41 44 41
36 37 40 39
42 40 45 37
37 45 39 41
41 42 44 45
58 36 58 45
60 34 69 34
71 36 71 45
60 47 69 47
59 37 59 39
70 37 70 39
59 42 59 44
70 42 70 44
61 35 63 35
66 35 68 35
61 46 63 46
66 46 68 46
65 37 65 39
64 42 64 44
61 40 63 40
66 41 68 41
60 37 64 39
66 40 69 37
61 45 63 41
65 42 68 45
10 60 10 69
12 58 21 58
23 60 23 69
12 71 21 71
11 61 11 63
22 61 22 63
11 66 11 68
22 66 22 68
13 59 15 59
18 59 20 59
13 70 15 70
18 70 20 70
17 61 17 63
16 66 16 68
13 64 15 64
18 65 20 65
12 61 16 63
18 64 21 61
13 69 15 65
17 66 20 69
34 60 34 69
36 58 45 58
47 60 47 69
36 71 45 71
35 61 35 63
46 61 46 63
35 66 35 68
46 66 46 68
37 59 39 59
42 59 44 59
37 70 39 70
42 70 44 70
41 61 41 63
40 66 40 68
37 64 39 64
42 65 44 65
36 61 40 63
42 64 45 61
37 69 39 65
41 66 44 69
58 60 58 69
60 58 69 58
71 60 71 69
60 71 69 71
59 61 59 63
70 61 70 63
59 66 59 68
70 66 70 68
61 59 63 59
66 59 68 59
61 70 63 70
66 70 68 70
65 61 65 63
64 66 64 68
61 64 63 64
66 65 68 65
60 61 64 63
66 64 69 61
61 69 63 65
65 66 68 69
