34
58
18
11 11 12 12
16 11 17 12
21 11 22 12
11 16 12 17
16 16 17 17
21 16 22 17
11 21 12 22
16 21 17 22
21 21 22 22
35 11 36 12
40 11 41 12
45 11 46 12
35 16 36 17
40 16 41 17
45 16 46 17
35 21 36 22
40 21 41 22
45 21 46 22
40
10 12 10 21
12 10 21 10
23 12 23 21
12 23 21 23
11 13 11 15
22 13 22 15
11 18 11 20
22 18 22 20
13 11 15 11
18 11 20 11
13 22 15 22
18 22 20 22
17 13 17 15
16 18 16 20
13 16 15 16
18 17 20 17
12 13 16 15
18 16 21 13
13 21 15 17
17 18 20 21
34 12 34 21
36 10 45 10
47 12 47 21
36 23 45 23
35 13 35 15
46 13 46 15
35 18 35 20
46 18 46 20
37 11 39 11
42 11 44 11
37 22 39 22
42 22 44 22
41 13 41 15
40 18 40 20
37 16 39 16
42 17 44 17
36 13 40 15
42 16 45 13
37 21 39 17
41 18 44 21
