250
250
900
11 11 12 12
16 11 17 12
21 11 22 12
11 16 12 17
16 16 17 17
21 16 22 17
11 21 12 22
16 21 17 22
21 21 22 22
35 11 36 12
40 11 41 12
45 11 46 12
35 16 36 17
40 16 41 17
45 16 46 17
35 21 36 22
40 21 41 22
45 21 46 22
59 11 60 12
64 11 65 12
69 11 70 12
59 16 60 17
64 16 65 17
69 16 70 17
59 21 60 22
64 21 65 22
69 21 70 22
83 11 84 12
88 11 89 12
93 11 94 12
83 16 84 17
88 16 89 17
93 16 94 17
83 21 84 22
88 21 89 22
93 21 94 22
107 11 108 12
112 11 113 12
117 11 118 12
107 16 108 17
112 16 113 17
117 16 118 17
107 21 108 22
112 21 113 22
117 21 118 22
131 11 132 12
136 11 137 12
141 11 142 12
131 16 132 17
136 16 137 17
141 16 142 17
131 21 132 22
136 21 137 22
141 21 142 22
155 11 156 12
160 11 161 12
165 11 166 12
155 16 156 17
160 16 161 17
165 16 166 17
155 21 156 22
160 21 161 22
165 21 166 22
179 11 180 12
184 11 185 12
189 11 190 12
179 16 180 17
184 16 185 17
189 16 190 17
179 21 180 22
184 21 185 22
189 21 190 22
203 11 204 12
208 11 209 12
213 11 214 12
203 16 204 17
208 16 209 17
213 16 214 17
203 21 204 22
208 21 209 22
213 21 214 22
227 11 228 12
232 11 233 12
237 11 238 12
227 16 228 17
232 16 233 17
237 16 238 17
227 21 228 22
232 21 233 22
237 21 238 22
11 35 12 36
16 35 17 36
21 35 22 36
11 40 12 41
16 40 17 41
21 40 22 41
11 45 12 46
16 45 17 46
21 45 22 46
35 35 36 36
40 35 41 36
45 35 46 36
35 40 36 41
40 40 41 41
45 40 46 41
35 45 36 46
40 45 41 46
45 45 46 46
59 35 60 36
64 35 65 36
69 35 70 36
59 40 60 41
64 40 65 41
69 40 70 41
59 45 60 46
64 45 65 46
69 45 70 46
83 35 84 36
88 35 89 36
93 35 94 36
83 40 84 41
88 40 89 41
93 40 94 41
83 45 84 46
88 45 89 46
93 45 94 46
107 35 108 36
112 35 113 36
117 35 118 36
107 40 108 41
112 40 113 41
117 40 118 41
107 45 108 46
112 45 113 46
117 45 118 46
131 35 132 36
136 35 137 36
141 35 142 36
131 40 132 41
136 40 137 41
141 40 142 41
131 45 132 46
136 45 137 46
141 45 142 46
155 35 156 36
160 35 161 36
165 35 166 36
155 40 156 41
160 40 161 41
165 40 166 41
155 45 156 46
160 45 161 46
165 45 166 46
179 35 180 36
184 35 185 36
189 35 190 36
179 40 180 41
184 40 185 41
189 40 190 41
179 45 180 46
184 45 185 46
189 45 190 46
203 35 204 36
208 35 209 36
213 35 214 36
203 40 204 41
208 40 209 41
213 40 214 41
203 45 204 46
208 45 209 46
213 45 214 46
227 35 228 36
232 35 233 36
237 35 238 36
227 40 228 41
232 40 233 41
237 40 238 41
227 45 228 46
232 45 233 46
237 45 238 46
11 59 12 60
16 59 17 60
21 59 22 60
11 64 12 65
16 64 17 65
21 64 22 65
11 69 12 70
16 69 17 70
21 69 22 70
35 59 36 60
40 59 41 60
45 59 46 60
35 64 36 65
40 64 41 65
45 64 46 65
35 69 36 70
40 69 41 70
45 69 46 70
59 59 60 60
64 59 65 60
69 59 70 60
59 64 60 65
64 64 65 65
69 64 70 65
59 69 60 70
64 69 65 70
69 69 70 70
83 59 84 60
88 59 89 60
93 59 94 60
83 64 84 65
88 64 89 65
93 64 94 65
83 69 84 70
88 69 89 70
93 69 94 70
107 59 108 60
112 59 113 60
117 59 118 60
107 64 108 65
112 64 113 65
117 64 118 65
107 69 108 70
112 69 113 70
117 69 118 70
131 59 132 60
136 59 137 60
141 59 142 60
131 64 132 65
136 64 137 65
141 64 142 65
131 69 132 70
136 69 137 70
141 69 142 70
155 59 156 60
160 59 161 60
165 59 166 60
155 64 156 65
160 64 161 65
165 64 166 65
155 69 156 70
160 69 161 70
165 69 166 70
179 59 180 60
184 59 185 60
189 59 190 60
179 64 180 65
184 64 185 65
189 64 190 65
179 69 180 70
184 69 185 70
189 69 190 70
203 59 204 60
208 59 209 60
213 59 214 60
203 64 204 65
208 64 209 65
213 64 214 65
203 69 204 70
208 69 209 70
213 69 214 70
227 59 228 60
232 59 233 60
237 59 238 60
227 64 228 65
232 64 233 65
237 64 238 65
227 69 228 70
232 69 233 70
237 69 238 70
11 83 12 84
16 83 17 84
21 83 22 84
11 88 12 89
16 88 17 89
21 88 22 89
11 93 12 94
16 93 17 94
21 93 22 94
35 83 36 84
40 83 41 84
45 83 46 84
35 88 36 89
40 88 41 89
45 88 46 89
35 93 36 94
40 93 41 94
45 93 46 94
59 83 60 84
64 83 65 84
69 83 70 84
59 88 60 89
64 88 65 89
69 88 70 89
59 93 60 94
64 93 65 94
69 93 70 94
83 83 84 84
88 83 89 84
93 83 94 84
83 88 84 89
88 88 89 89
93 88 94 89
83 93 84 94
88 93 89 94
93 93 94 94
107 83 108 84
112 83 113 84
117 83 118 84
107 88 108 89
112 88 113 89
117 88 118 89
107 93 108 94
112 93 113 94
117 93 118 94
131 83 132 84
136 83 137 84
141 83 142 84
131 88 132 89
136 88 137 89
141 88 142 89
131 93 132 94
136 93 137 94
141 93 142 94
155 83 156 84
160 83 161 84
165 83 166 84
155 88 156 89
160 88 161 89
165 88 166 89
155 93 156 94
160 93 161 94
165 93 166 94
179 83 180 84
184 83 185 84
189 83 190 84
179 88 180 89
184 88 185 89
189 88 190 89
179 93 180 94
184 93 185 94
189 93 190 94
203 83 204 84
208 83 209 84
213 83 214 84
203 88 204 89
208 88 209 89
213 88 214 89
203 93 204 94
208 93 209 94
213 93 214 94
227 83 228 84
232 83 233 84
237 83 238 84
227 88 228 89
232 88 233 89
237 88 238 89
227 93 228 94
232 93 233 94
237 93 238 94
11 107 12 108
16 107 17 108
21 107 22 108
11 112 12 113
16 112 17 113
21 112 22 113
11 117 12 118
16 117 17 118
21 117 22 118
35 107 36 108
40 107 41 108
45 107 46 108
35 112 36 113
40 112 41 113
45 112 46 113
35 117 36 118
40 117 41 118
45 117 46 118
59 107 60 108
64 107 65 108
69 107 70 108
59 112 60 113
64 112 65 113
69 112 70 113
59 117 60 118
64 117 65 118
69 117 70 118
83 107 84 108
88 107 89 108
93 107 94 108
83 112 84 113
88 112 89 113
93 112 94 113
83 117 84 118
88 117 89 118
93 117 94 118
107 107 108 108
112 107 113 108
117 107 118 108
107 112 108 113
112 112 113 113
117 112 118 113
107 117 108 118
112 117 113 118
117 117 118 118
131 107 132 108
136 107 137 108
141 107 142 108
131 112 132 113
136 112 137 113
141 112 142 113
131 117 132 118
136 117 137 118
141 117 142 118
155 107 156 108
160 107 161 108
165 107 166 108
155 112 156 113
160 112 161 113
165 112 166 113
155 117 156 118
160 117 161 118
165 117 166 118
179 107 180 108
184 107 185 108
189 107 190 108
179 112 180 113
184 112 185 113
189 112 190 113
179 117 180 118
184 117 185 118
189 117 190 118
203 107 204 108
208 107 209 108
213 107 214 108
203 112 204 113
208 112 209 113
213 112 214 113
203 117 204 118
208 117 209 118
213 117 214 118
227 107 228 108
232 107 233 108
237 107 238 108
227 112 228 113
232 112 233 113
237 112 238 113
227 117 228 118
232 117 233 118
237 117 238 118
11 131 12 132
16 131 17 132
21 131 22 132
11 136 12 137
16 136 17 137
21 136 22 137
11 141 12 142
16 141 17 142
21 141 22 142
35 131 36 132
40 131 41 132
45 131 46 132
35 136 36 137
40 136 41 137
45 136 46 137
35 141 36 142
40 141 41 142
45 141 46 142
59 131 60 132
64 131 65 132
69 131 70 132
59 136 60 137
64 136 65 137
69 136 70 137
59 141 60 142
64 141 65 142
69 141 70 142
83 131 84 132
88 131 89 132
93 131 94 132
83 136 84 137
88 136 89 137
93 136 94 137
83 141 84 142
88 141 89 142
93 141 94 142
107 131 108 132
112 131 113 132
117 131 118 132
107 136 108 137
112 136 113 137
117 136 118 137
107 141 108 142
112 141 113 142
117 141 118 142
131 131 132 132
136 131 137 132
141 131 142 132
131 136 132 137
136 136 137 137
141 136 142 137
131 141 132 142
136 141 137 142
141 141 142 142
155 131 156 132
160 131 161 132
165 131 166 132
155 136 156 137
160 136 161 137
165 136 166 137
155 141 156 142
160 141 161 142
165 141 166 142
179 131 180 132
184 131 185 132
189 131 190 132
179 136 180 137
184 136 185 137
189 136 190 137
179 141 180 142
184 141 185 142
189 141 190 142
203 131 204 132
208 131 209 132
213 131 214 132
203 136 204 137
208 136 209 137
213 136 214 137
203 141 204 142
208 141 209 142
213 141 214 142
227 131 228 132
232 131 233 132
237 131 238 132
227 136 228 137
232 136 233 137
237 136 238 137
227 141 228 142
232 141 233 142
237 141 238 142
11 155 12 156
16 155 17 156
21 155 22 156
11 160 12 161
16 160 17 161
21 160 22 161
11 165 12 166
16 165 17 166
21 165 22 166
35 155 36 156
40 155 41 156
45 155 46 156
35 160 36 161
40 160 41 161
45 160 46 161
35 165 36 166
40 165 41 166
45 165 46 166
59 155 60 156
64 155 65 156
69 155 70 156
59 160 60 161
64 160 65 161
69 160 70 161
59 165 60 166
64 165 65 166
69 165 70 166
83 155 84 156
88 155 89 156
93 155 94 156
83 160 84 161
88 160 89 161
93 160 94 161
83 165 84 166
88 165 89 166
93 165 94 166
107 155 108 156
112 155 113 156
117 155 118 156
107 160 108 161
112 160 113 161
117 160 118 161
107 165 108 166
112 165 113 166
117 165 118 166
131 155 132 156
136 155 137 156
141 155 142 156
131 160 132 161
136 160 137 161
141 160 142 161
131 165 132 166
136 165 137 166
141 165 142 166
155 155 156 156
160 155 161 156
165 155 166 156
155 160 156 161
160 160 161 161
165 160 166 161
155 165 156 166
160 165 161 166
165 165 166 166
179 155 180 156
184 155 185 156
189 155 190 156
179 160 180 161
184 160 185 161
189 160 190 161
179 165 180 166
184 165 185 166
189 165 190 166
203 155 204 156
208 155 209 156
213 155 214 156
203 160 204 161
208 160 209 161
213 160 214 161
203 165 204 166
208 165 209 166
213 165 214 166
227 155 228 156
232 155 233 156
237 155 238 156
227 160 228 161
232 160 233 161
237 160 238 161
227 165 228 166
232 165 233 166
237 165 238 166
11 179 12 180
16 179 17 180
21 179 22 180
11 184 12 185
16 184 17 185
21 184 22 185
11 189 12 190
16 189 17 190
21 189 22 190
35 179 36 180
40 179 41 180
45 179 46 180
35 184 36 185
40 184 41 185
45 184 46 185
35 189 36 190
40 189 41 190
45 189 46 190
59 179 60 180
64 179 65 180
69 179 70 180
59 184 60 185
64 184 65 185
69 184 70 185
59 189 60 190
64 189 65 190
69 189 70 190
83 179 84 180
88 179 89 180
93 179 94 180
83 184 84 185
88 184 89 185
93 184 94 185
83 189 84 190
88 189 89 190
93 189 94 190
107 179 108 180
112 179 113 180
117 179 118 180
107 184 108 185
112 184 113 185
117 184 118 185
107 189 108 190
112 189 113 190
117 189 118 190
131 179 132 180
136 179 137 180
141 179 142 180
131 184 132 185
136 184 137 185
141 184 142 185
131 189 132 190
136 189 137 190
141 189 142 190
155 179 156 180
160 179 161 180
165 179 166 180
155 184 156 185
160 184 161 185
165 184 166 185
155 189 156 190
160 189 161 190
165 189 166 190
179 179 180 180
184 179 185 180
189 179 190 180
179 184 180 185
184 184 185 185
189 184 190 185
179 189 180 190
184 189 185 190
189 189 190 190
203 179 204 180
208 179 209 180
213 179 214 180
203 184 204 185
208 184 209 185
213 184 214 185
203 189 204 190
208 189 209 190
213 189 214 190
227 179 228 180
232 179 233 180
237 179 238 180
227 184 228 185
232 184 233 185
237 184 238 185
227 189 228 190
232 189 233 190
237 189 238 190
11 203 12 204
16 203 17 204
21 203 22 204
11 208 12 209
16 208 17 209
21 208 22 209
11 213 12 214
16 213 17 214
21 213 22 214
35 203 36 204
40 203 41 204
45 203 46 204
35 208 36 209
40 208 41 209
45 208 46 209
35 213 36 214
40 213 41 214
45 213 46 214
59 203 60 204
64 203 65 204
69 203 70 204
59 208 60 209
64 208 65 209
69 208 70 209
59 213 60 214
64 213 65 214
69 213 70 214
83 203 84 204
88 203 89 204
93 203 94 204
83 208 84 209
88 208 89 209
93 208 94 209
83 213 84 214
88 213 89 214
93 213 94 214
107 203 108 204
112 203 113 204
117 203 118 204
107 208 108 209
112 208 113 209
117 208 118 209
107 213 108 214
112 213 113 214
117 213 118 214
131 203 132 204
136 203 137 204
141 203 142 204
131 208 132 209
136 208 137 209
141 208 142 209
131 213 132 214
136 213 137 214
141 213 142 214
155 203 156 204
160 203 161 204
165 203 166 204
155 208 156 209
160 208 161 209
165 208 166 209
155 213 156 214
160 213 161 214
165 213 166 214
179 203 180 204
184 203 185 204
189 203 190 204
179 208 180 209
184 208 185 209
189 208 190 209
179 213 180 214
184 213 185 214
189 213 190 214
203 203 204 204
208 203 209 204
213 203 214 204
203 208 204 209
208 208 209 209
213 208 214 209
203 213 204 214
208 213 209 214
213 213 214 214
227 203 228 204
232 203 233 204
237 203 238 204
227 208 228 209
232 208 233 209
237 208 238 209
227 213 228 214
232 213 233 214
237 213 238 214
11 227 12 228
16 227 17 228
21 227 22 228
11 232 12 233
16 232 17 233
21 232 22 233
11 237 12 238
16 237 17 238
21 237 22 238
35 227 36 228
40 227 41 228
45 227 46 228
35 232 36 233
40 232 41 233
45 232 46 233
35 237 36 238
40 237 41 238
45 237 46 238
59 227 60 228
64 227 65 228
69 227 70 228
59 232 60 233
64 232 65 233
69 232 70 233
59 237 60 238
64 237 65 238
69 237 70 238
83 227 84 228
88 227 89 228
93 227 94 228
83 232 84 233
88 232 89 233
93 232 94 233
83 237 84 238
88 237 89 238
93 237 94 238
107 227 108 228
112 227 113 228
117 227 118 228
107 232 108 233
112 232 113 233
117 232 118 233
107 237 108 238
112 237 113 238
117 237 118 238
131 227 132 228
136 227 137 228
141 227 142 228
131 232 132 233
136 232 137 233
141 232 142 233
131 237 132 238
136 237 137 238
141 237 142 238
155 227 156 228
160 227 161 228
165 227 166 228
155 232 156 233
160 232 161 233
165 232 166 233
155 237 156 238
160 237 161 238
165 237 166 238
179 227 180 228
184 227 185 228
189 227 190 228
179 232 180 233
184 232 185 233
189 232 190 233
179 237 180 238
184 237 185 238
189 237 190 238
203 227 204 228
208 227 209 228
213 227 214 228
203 232 204 233
208 232 209 233
213 232 214 233
203 237 204 238
208 237 209 238
213 237 214 238
227 227 228 228
232 227 233 228
237 227 238 228
227 232 228 233
232 232 233 233
237 232 238 233
227 237 228 238
232 237 233 238
237 237 238 238
2000
10 12 10 21
12 10 21 10
23 12 23 21
12 23 21 23
11 13 11 15
22 13 22 15
11 18 11 20
22 18 22 20
13 11 15 11
18 11 20 11
13 22 15 22
18 22 20 22
17 13 17 15
16 18 16 20
13 16 15 16
18 17 20 17
12 13 16 15
18 16 21 13
13 21 15 17
17 18 20 21
34 12 34 21
36 10 45 10
47 12 47 21
36 23 45 23
35 13 35 15
46 13 46 15
35 18 35 20
46 18 46 20
37 11 39 11
42 11 44 11
37 22 39 22
42 22 44 22
41 13 41 15
40 18 40 20
37 16 39 16
42 17 44 17
36 13 40 15
42 16 45 13
37 21 39 17
41 18 44 21
58 12 58 21
60 10 69 10
71 12 71 21
60 23 69 23
59 13 59 15
70 13 70 15
59 18 59 20
70 18 70 20
61 11 63 11
66 11 68 11
61 22 63 22
66 22 68 22
65 13 65 15
64 18 64 20
61 16 63 16
66 17 68 17
60 13 64 15
66 16 69 13
61 21 63 17
65 18 68 21
82 12 82 21
84 10 93 10
95 12 95 21
84 23 93 23
83 13 83 15
94 13 94 15
83 18 83 20
94 18 94 20
85 11 87 11
90 11 92 11
85 22 87 22
90 22 92 22
89 13 89 15
88 18 88 20
85 16 87 16
90 17 92 17
84 13 88 15
90 16 93 13
85 21 87 17
89 18 92 21
106 12 106 21
108 10 117 10
119 12 119 21
108 23 117 23
107 13 107 15
118 13 118 15
107 18 107 20
118 18 118 20
109 11 111 11
114 11 116 11
109 22 111 22
114 22 116 22
113 13 113 15
112 18 112 20
109 16 111 16
114 17 116 17
108 13 112 15
114 16 117 13
109 21 111 17
113 18 116 21
130 12 130 21
132 10 141 10
143 12 143 21
132 23 141 23
131 13 131 15
142 13 142 15
131 18 131 20
142 18 142 20
133 11 135 11
138 11 140 11
133 22 135 22
138 22 140 22
137 13 137 15
136 18 136 20
133 16 135 16
138 17 140 17
132 13 136 15
138 16 141 13
133 21 135 17
137 18 140 21
154 12 154 21
156 10 165 10
167 12 167 21
156 23 165 23
155 13 155 15
166 13 166 15
155 18 155 20
166 18 166 20
157 11 159 11
162 11 164 11
157 22 159 22
162 22 164 22
161 13 161 15
160 18 160 20
157 16 159 16
162 17 164 17
156 13 160 15
162 16 165 13
157 21 159 17
161 18 164 21
178 12 178 21
180 10 189 10
191 12 191 21
180 23 189 23
179 13 179 15
190 13 190 15
179 18 179 20
190 18 190 20
181 11 183 11
186 11 188 11
181 22 183 22
186 22 188 22
185 13 185 15
184 18 184 20
181 16 183 16
186 17 188 17
180 13 184 15
186 16 189 13
181 21 183 17
185 18 188 21
202 12 202 21
204 10 213 10
215 12 215 21
204 23 213 23
203 13 203 15
214 13 214 15
203 18 203 20
214 18 214 20
205 11 207 11
210 11 212 11
205 22 207 22
210 22 212 22
209 13 209 15
208 18 208 20
205 16 207 16
210 17 212 17
204 13 208 15
210 16 213 13
205 21 207 17
209 18 212 21
226 12 226 21
228 10 237 10
239 12 239 21
228 23 237 23
227 13 227 15
238 13 238 15
227 18 227 20
238 18 238 20
229 11 231 11
234 11 236 11
229 22 231 22
234 22 236 22
233 13 233 15
232 18 232 20
229 16 231 16
234 17 236 17
228 13 232 15
234 16 237 13
229 21 231 17
233 18 236 21
10 36 10 45
12 34 21 34
23 36 23 45
12 47 21 47
11 37 11 39
22 37 22 39
11 42 11 44
22 42 22 44
13 35 15 35
18 35 20 35
13 46 15 46
18 46 20 46
17 37 17 39
16 42 16 44
13 40 15 40
18 41 20 41
12 37 16 39
18 40 21 37
13 45 15 41
17 42 20 45
34 36 34 45
36 34 45 34
47 36 47 45
36 47 45 47
35 37 35 39
46 37 46 39
35 42 35 44
46 42 46 44
37 35 39 35
42 35 44 35
37 46 39 46
42 46 44 46
41 37 41 39
40 42 40 44
37 40 39 40
42 41 44 41
36 37 40 39
42 40 45 37
37 45 39 41
41 42 44 45
58 36 58 45
60 34 69 34
71 36 71 45
60 47 69 47
59 37 59 39
70 37 70 39
59 42 59 44
70 42 70 44
61 35 63 35
66 35 68 35
61 46 63 46
66 46 68 46
65 37 65 39
64 42 64 44
61 40 63 40
66 41 68 41
60 37 64 39
66 40 69 37
61 45 63 41
65 42 68 45
82 36 82 45
84 34 93 34
95 36 95 45
84 47 93 47
83 37 83 39
94 37 94 39
83 42 83 44
94 42 94 44
85 35 87 35
90 35 92 35
85 46 87 46
90 46 92 46
89 37 89 39
88 42 88 44
85 40 87 40
90 41 92 41
84 37 88 39
90 40 93 37
85 45 87 41
89 42 92 45
106 36 106 45
108 34 117 34
119 36 119 45
108 47 117 47
107 37 107 39
118 37 118 39
107 42 107 44
118 42 118 44
109 35 111 35
114 35 116 35
109 46 111 46
114 46 116 46
113 37 113 39
112 42 112 44
109 40 111 40
114 41 116 41
108 37 112 39
114 40 117 37
109 45 111 41
113 42 116 45
130 36 130 45
132 34 141 34
143 36 143 45
132 47 141 47
131 37 131 39
142 37 142 39
131 42 131 44
142 42 142 44
133 35 135 35
138 35 140 35
133 46 135 46
138 46 140 46
137 37 137 39
136 42 136 44
133 40 135 40
138 41 140 41
132 37 136 39
138 40 141 37
133 45 135 41
137 42 140 45
154 36 154 45
156 34 165 34
167 36 167 45
156 47 165 47
155 37 155 39
166 37 166 39
155 42 155 44
166 42 166 44
157 35 159 35
162 35 164 35
157 46 159 46
162 46 164 46
161 37 161 39
160 42 160 44
157 40 159 40
162 41 164 41
156 37 160 39
162 40 165 37
157 45 159 41
161 42 164 45
178 36 178 45
180 34 189 34
191 36 191 45
180 47 189 47
179 37 179 39
190 37 190 39
179 42 179 44
190 42 190 44
181 35 183 35
186 35 188 35
181 46 183 46
186 46 188 46
185 37 185 39
184 42 184 44
181 40 183 40
186 41 188 41
180 37 184 39
186 40 189 37
181 45 183 41
185 42 188 45
202 36 202 45
204 34 213 34
215 36 215 45
204 47 213 47
203 37 203 39
214 37 214 39
203 42 203 44
214 42 214 44
205 35 207 35
210 35 212 35
205 46 207 46
210 46 212 46
209 37 209 39
208 42 208 44
205 40 207 40
210 41 212 41
204 37 208 39
210 40 213 37
205 45 207 41
209 42 212 45
226 36 226 45
228 34 237 34
239 36 239 45
228 47 237 47
227 37 227 39
238 37 238 39
227 42 227 44
238 42 238 44
229 35 231 35
234 35 236 35
229 46 231 46
234 46 236 46
233 37 233 39
232 42 232 44
229 40 231 40
234 41 236 41
228 37 232 39
234 40 237 37
229 45 231 41
233 42 236 45
10 60 10 69
12 58 21 58
23 60 23 69
12 71 21 71
11 61 11 63
22 61 22 63
11 66 11 68
22 66 22 68
13 59 15 59
18 59 20 59
13 70 15 70
18 70 20 70
17 61 17 63
16 66 16 68
13 64 15 64
18 65 20 65
12 61 16 63
18 64 21 61
13 69 15 65
17 66 20 69
34 60 34 69
36 58 45 58
47 60 47 69
36 71 45 71
35 61 35 63
46 61 46 63
35 66 35 68
46 66 46 68
37 59 39 59
42 59 44 59
37 70 39 70
42 70 44 70
41 61 41 63
40 66 40 68
37 64 39 64
42 65 44 65
36 61 40 63
42 64 45 61
37 69 39 65
41 66 44 69
58 60 58 69
60 58 69 58
71 60 71 69
60 71 69 71
59 61 59 63
70 61 70 63
59 66 59 68
70 66 70 68
61 59 63 59
66 59 68 59
61 70 63 70
66 70 68 70
65 61 65 63
64 66 64 68
61 64 63 64
66 65 68 65
60 61 64 63
66 64 69 61
61 69 63 65
65 66 68 69
82 60 82 69
84 58 93 58
95 60 95 69
84 71 93 71
83 61 83 63
94 61 94 63
83 66 83 68
94 66 94 68
85 59 87 59
90 59 92 59
85 70 87 70
90 70 92 70
89 61 89 63
88 66 88 68
85 64 87 64
90 65 92 65
84 61 88 63
90 64 93 61
85 69 87 65
89 66 92 69
106 60 106 69
108 58 117 58
119 60 119 69
108 71 117 71
107 61 107 63
118 61 118 63
107 66 107 68
118 66 118 68
109 59 111 59
114 59 116 59
109 70 111 70
114 70 116 70
113 61 113 63
112 66 112 68
109 64 111 64
114 65 116 65
108 61 112 63
114 64 117 61
109 69 111 65
113 66 116 69
130 60 130 69
132 58 141 58
143 60 143 69
132 71 141 71
131 61 131 63
142 61 142 63
131 66 131 68
142 66 142 68
133 59 135 59
138 59 140 59
133 70 135 70
138 70 140 70
137 61 137 63
136 66 136 68
133 64 135 64
138 65 140 65
132 61 136 63
138 64 141 61
133 69 135 65
137 66 140 69
154 60 154 69
156 58 165 58
167 60 167 69
156 71 165 71
155 61 155 63
166 61 166 63
155 66 155 68
166 66 166 68
157 59 159 59
162 59 164 59
157 70 159 70
162 70 164 70
161 61 161 63
160 66 160 68
157 64 159 64
162 65 164 65
156 61 160 63
162 64 165 61
157 69 159 65
161 66 164 69
178 60 178 69
180 58 189 58
191 60 191 69
180 71 189 71
179 61 179 63
190 61 190 63
179 66 179 68
190 66 190 68
181 59 183 59
186 59 188 59
181 70 183 70
186 70 188 70
185 61 185 63
184 66 184 68
181 64 183 64
186 65 188 65
180 61 184 63
186 64 189 61
181 69 183 65
185 66 188 69
202 60 202 69
204 58 213 58
215 60 215 69
204 71 213 71
203 61 203 63
214 61 214 63
203 66 203 68
214 66 214 68
205 59 207 59
210 59 212 59
205 70 207 70
210 70 212 70
209 61 209 63
208 66 208 68
205 64 207 64
210 65 212 65
204 61 208 63
210 64 213 61
205 69 207 65
209 66 212 69
226 60 226 69
228 58 237 58
239 60 239 69
228 71 237 71
227 61 227 63
238 61 238 63
227 66 227 68
238 66 238 68
229 59 231 59
234 59 236 59
229 70 231 70
234 70 236 70
233 61 233 63
232 66 232 68
229 64 231 64
234 65 236 65
228 61 232 63
234 64 237 61
229 69 231 65
233 66 236 69
10 84 10 93
12 82 21 82
23 84 23 93
12 95 21 95
11 85 11 87
22 85 22 87
11 90 11 92
22 90 22 92
13 83 15 83
18 83 20 83
13 94 15 94
18 94 20 94
17 85 17 87
16 90 16 92
13 88 15 88
18 89 20 89
12 85 16 87
18 88 21 85
13 93 15 89
17 90 20 93
34 84 34 93
36 82 45 82
47 84 47 93
36 95 45 95
35 85 35 87
46 85 46 87
35 90 35 92
46 90 46 92
37 83 39 83
42 83 44 83
37 94 39 94
42 94 44 94
41 85 41 87
40 90 40 92
37 88 39 88
42 89 44 89
36 85 40 87
42 88 45 85
37 93 39 89
41 90 44 93
58 84 58 93
60 82 69 82
71 84 71 93
60 95 69 95
59 85 59 87
70 85 70 87
59 90 59 92
70 90 70 92
61 83 63 83
66 83 68 83
61 94 63 94
66 94 68 94
65 85 65 87
64 90 64 92
61 88 63 88
66 89 68 89
60 85 64 87
66 88 69 85
61 93 63 89
65 90 68 93
82 84 82 93
84 82 93 82
95 84 95 93
84 95 93 95
83 85 83 87
94 85 94 87
83 90 83 92
94 90 94 92
85 83 87 83
90 83 92 83
85 94 87 94
90 94 92 94
89 85 89 87
88 90 88 92
85 88 87 88
90 89 92 89
84 85 88 87
90 88 93 85
85 93 87 89
89 90 92 93
106 84 106 93
108 82 117 82
119 84 119 93
108 95 117 95
107 85 107 87
118 85 118 87
107 90 107 92
118 90 118 92
109 83 111 83
114 83 116 83
109 94 111 94
114 94 116 94
113 85 113 87
112 90 112 92
109 88 111 88
114 89 116 89
108 85 112 87
114 88 117 85
109 93 111 89
113 90 116 93
130 84 130 93
132 82 141 82
143 84 143 93
132 95 141 95
131 85 131 87
142 85 142 87
131 90 131 92
142 90 142 92
133 83 135 83
138 83 140 83
133 94 135 94
138 94 140 94
137 85 137 87
136 90 136 92
133 88 135 88
138 89 140 89
132 85 136 87
138 88 141 85
133 93 135 89
137 90 140 93
154 84 154 93
156 82 165 82
167 84 167 93
156 95 165 95
155 85 155 87
166 85 166 87
155 90 155 92
166 90 166 92
157 83 159 83
162 83 164 83
157 94 159 94
162 94 164 94
161 85 161 87
160 90 160 92
157 88 159 88
162 89 164 89
156 85 160 87
162 88 165 85
157 93 159 89
161 90 164 93
178 84 178 93
180 82 189 82
191 84 191 93
180 95 189 95
179 85 179 87
190 85 190 87
179 90 179 92
190 90 190 92
181 83 183 83
186 83 188 83
181 94 183 94
186 94 188 94
185 85 185 87
184 90 184 92
181 88 183 88
186 89 188 89
180 85 184 87
186 88 189 85
181 93 183 89
185 90 188 93
202 84 202 93
204 82 213 82
215 84 215 93
204 95 213 95
203 85 203 87
214 85 214 87
203 90 203 92
214 90 214 92
205 83 207 83
210 83 212 83
205 94 207 94
210 94 212 94
209 85 209 87
208 90 208 92
205 88 207 88
210 89 212 89
204 85 208 87
210 88 213 85
205 93 207 89
209 90 212 93
226 84 226 93
228 82 237 82
239 84 239 93
228 95 237 95
227 85 227 87
238 85 238 87
227 90 227 92
238 90 238 92
229 83 231 83
234 83 236 83
229 94 231 94
234 94 236 94
233 85 233 87
232 90 232 92
229 88 231 88
234 89 236 89
228 85 232 87
234 88 237 85
229 93 231 89
233 90 236 93
10 108 10 117
12 106 21 106
23 108 23 117
12 119 21 119
11 109 11 111
22 109 22 111
11 114 11 116
22 114 22 116
13 107 15 107
18 107 20 107
13 118 15 118
18 118 20 118
17 109 17 111
16 114 16 116
13 112 15 112
18 113 20 113
12 109 16 111
18 112 21 109
13 117 15 113
17 114 20 117
34 108 34 117
36 106 45 106
47 108 47 117
36 119 45 119
35 109 35 111
46 109 46 111
35 114 35 116
46 114 46 116
37 107 39 107
42 107 44 107
37 118 39 118
42 118 44 118
41 109 41 111
40 114 40 116
37 112 39 112
42 113 44 113
36 109 40 111
42 112 45 109
37 117 39 113
41 114 44 117
58 108 58 117
60 106 69 106
71 108 71 117
60 119 69 119
59 109 59 111
70 109 70 111
59 114 59 116
70 114 70 116
61 107 63 107
66 107 68 107
61 118 63 118
66 118 68 118
65 109 65 111
64 114 64 116
61 112 63 112
66 113 68 113
60 109 64 111
66 112 69 109
61 117 63 113
65 114 68 117
82 108 82 117
84 106 93 106
95 108 95 117
84 119 93 119
83 109 83 111
94 109 94 111
83 114 83 116
94 114 94 116
85 107 87 107
90 107 92 107
85 118 87 118
90 118 92 118
89 109 89 111
88 114 88 116
85 112 87 112
90 113 92 113
84 109 88 111
90 112 93 109
85 117 87 113
89 114 92 117
106 108 106 117
108 106 117 106
119 108 119 117
108 119 117 119
107 109 107 111
118 109 118 111
107 114 107 116
118 114 118 116
109 107 111 107
114 107 116 107
109 118 111 118
114 118 116 118
113 109 113 111
112 114 112 116
109 112 111 112
114 113 116 113
108 109 112 111
114 112 117 109
109 117 111 113
113 114 116 117
130 108 130 117
132 106 141 106
143 108 143 117
132 119 141 119
131 109 131 111
142 109 142 111
131 114 131 116
142 114 142 116
133 107 135 107
138 107 140 107
133 118 135 118
138 118 140 118
137 109 137 111
136 114 136 116
133 112 135 112
138 113 140 113
132 109 136 111
138 112 141 109
133 117 135 113
137 114 140 117
154 108 154 117
156 106 165 106
167 108 167 117
156 119 165 119
155 109 155 111
166 109 166 111
155 114 155 116
166 114 166 116
157 107 159 107
162 107 164 107
157 118 159 118
162 118 164 118
161 109 161 111
160 114 160 116
157 112 159 112
162 113 164 113
156 109 160 111
162 112 165 109
157 117 159 113
161 114 164 117
178 108 178 117
180 106 189 106
191 108 191 117
180 119 189 119
179 109 179 111
190 109 190 111
179 114 179 116
190 114 190 116
181 107 183 107
186 107 188 107
181 118 183 118
186 118 188 118
185 109 185 111
184 114 184 116
181 112 183 112
186 113 188 113
180 109 184 111
186 112 189 109
181 117 183 113
185 114 188 117
202 108 202 117
204 106 213 106
215 108 215 117
204 119 213 119
203 109 203 111
214 109 214 111
203 114 203 116
214 114 214 116
205 107 207 107
210 107 212 107
205 118 207 118
210 118 212 118
209 109 209 111
208 114 208 116
205 112 207 112
210 113 212 113
204 109 208 111
210 112 213 109
205 117 207 113
209 114 212 117
226 108 226 117
228 106 237 106
239 108 239 117
228 119 237 119
227 109 227 111
238 109 238 111
227 114 227 116
238 114 238 116
229 107 231 107
234 107 236 107
229 118 231 118
234 118 236 118
233 109 233 111
232 114 232 116
229 112 231 112
234 113 236 113
228 109 232 111
234 112 237 109
229 117 231 113
233 114 236 117
10 132 10 141
12 130 21 130
23 132 23 141
12 143 21 143
11 133 11 135
22 133 22 135
11 138 11 140
22 138 22 140
13 131 15 131
18 131 20 131
13 142 15 142
18 142 20 142
17 133 17 135
16 138 16 140
13 136 15 136
18 137 20 137
12 133 16 135
18 136 21 133
13 141 15 137
17 138 20 141
34 132 34 141
36 130 45 130
47 132 47 141
36 143 45 143
35 133 35 135
46 133 46 135
35 138 35 140
46 138 46 140
37 131 39 131
42 131 44 131
37 142 39 142
42 142 44 142
41 133 41 135
40 138 40 140
37 136 39 136
42 137 44 137
36 133 40 135
42 136 45 133
37 141 39 137
41 138 44 141
58 132 58 141
60 130 69 130
71 132 71 141
60 143 69 143
59 133 59 135
70 133 70 135
59 138 59 140
70 138 70 140
61 131 63 131
66 131 68 131
61 142 63 142
66 142 68 142
65 133 65 135
64 138 64 140
61 136 63 136
66 137 68 137
60 133 64 135
66 136 69 133
61 141 63 137
65 138 68 141
82 132 82 141
84 130 93 130
95 132 95 141
84 143 93 143
83 133 83 135
94 133 94 135
83 138 83 140
94 138 94 140
85 131 87 131
90 131 92 131
85 142 87 142
90 142 92 142
89 133 89 135
88 138 88 140
85 136 87 136
90 137 92 137
84 133 88 135
90 136 93 133
85 141 87 137
89 138 92 141
106 132 106 141
108 130 117 130
119 132 119 141
108 143 117 143
107 133 107 135
118 133 118 135
107 138 107 140
118 138 118 140
109 131 111 131
114 131 116 131
109 142 111 142
114 142 116 142
113 133 113 135
112 138 112 140
109 136 111 136
114 137 116 137
108 133 112 135
114 136 117 133
109 141 111 137
113 138 116 141
130 132 130 141
132 130 141 130
143 132 143 141
132 143 141 143
131 133 131 135
142 133 142 135
131 138 131 140
142 138 142 140
133 131 135 131
138 131 140 131
133 142 135 142
138 142 140 142
137 133 137 135
136 138 136 140
133 136 135 136
138 137 140 137
132 133 136 135
138 136 141 133
133 141 135 137
137 138 140 141
154 132 154 141
156 130 165 130
167 132 167 141
156 143 165 143
155 133 155 135
166 133 166 135
155 138 155 140
166 138 166 140
157 131 159 131
162 131 164 131
157 142 159 142
162 142 164 142
161 133 161 135
160 138 160 140
157 136 159 136
162 137 164 137
156 133 160 135
162 136 165 133
157 141 159 137
161 138 164 141
178 132 178 141
180 130 189 130
191 132 191 141
180 143 189 143
179 133 179 135
190 133 190 135
179 138 179 140
190 138 190 140
181 131 183 131
186 131 188 131
181 142 183 142
186 142 188 142
185 133 185 135
184 138 184 140
181 136 183 136
186 137 188 137
180 133 184 135
186 136 189 133
181 141 183 137
185 138 188 141
202 132 202 141
204 130 213 130
215 132 215 141
204 143 213 143
203 133 203 135
214 133 214 135
203 138 203 140
214 138 214 140
205 131 207 131
210 131 212 131
205 142 207 142
210 142 212 142
209 133 209 135
208 138 208 140
205 136 207 136
210 137 212 137
204 133 208 135
210 136 213 133
205 141 207 137
209 138 212 141
226 132 226 141
228 130 237 130
239 132 239 141
228 143 237 143
227 133 227 135
238 133 238 135
227 138 227 140
238 138 238 140
229 131 231 131
234 131 236 131
229 142 231 142
234 142 236 142
233 133 233 135
232 138 232 140
229 136 231 136
234 137 236 137
228 133 232 135
234 136 237 133
229 141 231 137
233 138 236 141
10 156 10 165
12 154 21 154
23 156 23 165
12 167 21 167
11 157 11 159
22 157 22 159
11 162 11 164
22 162 22 164
13 155 15 155
18 155 20 155
13 166 15 166
18 166 20 166
17 157 17 159
16 162 16 164
13 160 15 160
18 161 20 161
12 157 16 159
18 160 21 157
13 165 15 161
17 162 20 165
34 156 34 165
36 154 45 154
47 156 47 165
36 167 45 167
35 157 35 159
46 157 46 159
35 162 35 164
46 162 46 164
37 155 39 155
42 155 44 155
37 166 39 166
42 166 44 166
41 157 41 159
40 162 40 164
37 160 39 160
42 161 44 161
36 157 40 159
42 160 45 157
37 165 39 161
41 162 44 165
58 156 58 165
60 154 69 154
71 156 71 165
60 167 69 167
59 157 59 159
70 157 70 159
59 162 59 164
70 162 70 164
61 155 63 155
66 155 68 155
61 166 63 166
66 166 68 166
65 157 65 159
64 162 64 164
61 160 63 160
66 161 68 161
60 157 64 159
66 160 69 157
61 165 63 161
65 162 68 165
82 156 82 165
84 154 93 154
95 156 95 165
84 167 93 167
83 157 83 159
94 157 94 159
83 162 83 164
94 162 94 164
85 155 87 155
90 155 92 155
85 166 87 166
90 166 92 166
89 157 89 159
88 162 88 164
85 160 87 160
90 161 92 161
84 157 88 159
90 160 93 157
85 165 87 161
89 162 92 165
106 156 106 165
108 154 117 154
119 156 119 165
108 167 117 167
107 157 107 159
118 157 118 159
107 162 107 164
118 162 118 164
109 155 111 155
114 155 116 155
109 166 111 166
114 166 116 166
113 157 113 159
112 162 112 164
109 160 111 160
114 161 116 161
108 157 112 159
114 160 117 157
109 165 111 161
113 162 116 165
130 156 130 165
132 154 141 154
143 156 143 165
132 167 141 167
131 157 131 159
142 157 142 159
131 162 131 164
142 162 142 164
133 155 135 155
138 155 140 155
133 166 135 166
138 166 140 166
137 157 137 159
136 162 136 164
133 160 135 160
138 161 140 161
132 157 136 159
138 160 141 157
133 165 135 161
137 162 140 165
154 156 154 165
156 154 165 154
167 156 167 165
156 167 165 167
155 157 155 159
166 157 166 159
155 162 155 164
166 162 166 164
157 155 159 155
162 155 164 155
157 166 159 166
162 166 164 166
161 157 161 159
160 162 160 164
157 160 159 160
162 161 164 161
156 157 160 159
162 160 165 157
157 165 159 161
161 162 164 165
178 156 178 165
180 154 189 154
191 156 191 165
180 167 189 167
179 157 179 159
190 157 190 159
179 162 179 164
190 162 190 164
181 155 183 155
186 155 188 155
181 166 183 166
186 166 188 166
185 157 185 159
184 162 184 164
181 160 183 160
186 161 188 161
180 157 184 159
186 160 189 157
181 165 183 161
185 162 188 165
202 156 202 165
204 154 213 154
215 156 215 165
204 167 213 167
203 157 203 159
214 157 214 159
203 162 203 164
214 162 214 164
205 155 207 155
210 155 212 155
205 166 207 166
210 166 212 166
209 157 209 159
208 162 208 164
205 160 207 160
210 161 212 161
204 157 208 159
210 160 213 157
205 165 207 161
209 162 212 165
226 156 226 165
228 154 237 154
239 156 239 165
228 167 237 167
227 157 227 159
238 157 238 159
227 162 227 164
238 162 238 164
229 155 231 155
234 155 236 155
229 166 231 166
234 166 236 166
233 157 233 159
232 162 232 164
229 160 231 160
234 161 236 161
228 157 232 159
234 160 237 157
229 165 231 161
233 162 236 165
10 180 10 189
12 178 21 178
23 180 23 189
12 191 21 191
11 181 11 183
22 181 22 183
11 186 11 188
22 186 22 188
13 179 15 179
18 179 20 179
13 190 15 190
18 190 20 190
17 181 17 183
16 186 16 188
13 184 15 184
18 185 20 185
12 181 16 183
18 184 21 181
13 189 15 185
17 186 20 189
34 180 34 189
36 178 45 178
47 180 47 189
36 191 45 191
35 181 35 183
46 181 46 183
35 186 35 188
46 186 46 188
37 179 39 179
42 179 44 179
37 190 39 190
42 190 44 190
41 181 41 183
40 186 40 188
37 184 39 184
42 185 44 185
36 181 40 183
42 184 45 181
37 189 39 185
41 186 44 189
58 180 58 189
60 178 69 178
71 180 71 189
60 191 69 191
59 181 59 183
70 181 70 183
59 186 59 188
70 186 70 188
61 179 63 179
66 179 68 179
61 190 63 190
66 190 68 190
65 181 65 183
64 186 64 188
61 184 63 184
66 185 68 185
60 181 64 183
66 184 69 181
61 189 63 185
65 186 68 189
82 180 82 189
84 178 93 178
95 180 95 189
84 191 93 191
83 181 83 183
94 181 94 183
83 186 83 188
94 186 94 188
85 179 87 179
90 179 92 179
85 190 87 190
90 190 92 190
89 181 89 183
88 186 88 188
85 184 87 184
90 185 92 185
84 181 88 183
90 184 93 181
85 189 87 185
89 186 92 189
106 180 106 189
108 178 117 178
119 180 119 189
108 191 117 191
107 181 107 183
118 181 118 183
107 186 107 188
118 186 118 188
109 179 111 179
114 179 116 179
109 190 111 190
114 190 116 190
113 181 113 183
112 186 112 188
109 184 111 184
114 185 116 185
108 181 112 183
114 184 117 181
109 189 111 185
113 186 116 189
130 180 130 189
132 178 141 178
143 180 143 189
132 191 141 191
131 181 131 183
142 181 142 183
131 186 131 188
142 186 142 188
133 179 135 179
138 179 140 179
133 190 135 190
138 190 140 190
137 181 137 183
136 186 136 188
133 184 135 184
138 185 140 185
132 181 136 183
138 184 141 181
133 189 135 185
137 186 140 189
154 180 154 189
156 178 165 178
167 180 167 189
156 191 165 191
155 181 155 183
166 181 166 183
155 186 155 188
166 186 166 188
157 179 159 179
162 179 164 179
157 190 159 190
162 190 164 190
161 181 161 183
160 186 160 188
157 184 159 184
162 185 164 185
156 181 160 183
162 184 165 181
157 189 159 185
161 186 164 189
178 180 178 189
180 178 189 178
191 180 191 189
180 191 189 191
179 181 179 183
190 181 190 183
179 186 179 188
190 186 190 188
181 179 183 179
186 179 188 179
181 190 183 190
186 190 188 190
185 181 185 183
184 186 184 188
181 184 183 184
186 185 188 185
180 181 184 183
186 184 189 181
181 189 183 185
185 186 188 189
202 180 202 189
204 178 213 178
215 180 215 189
204 191 213 191
203 181 203 183
214 181 214 183
203 186 203 188
214 186 214 188
205 179 207 179
210 179 212 179
205 190 207 190
210 190 212 190
209 181 209 183
208 186 208 188
205 184 207 184
210 185 212 185
204 181 208 183
210 184 213 181
205 189 207 185
209 186 212 189
226 180 226 189
228 178 237 178
239 180 239 189
228 191 237 191
227 181 227 183
238 181 238 183
227 186 227 188
238 186 238 188
229 179 231 179
234 179 236 179
229 190 231 190
234 190 236 190
233 181 233 183
232 186 232 188
229 184 231 184
234 185 236 185
228 181 232 183
234 184 237 181
229 189 231 185
233 186 236 189
10 204 10 213
12 202 21 202
23 204 23 213
12 215 21 215
11 205 11 207
22 205 22 207
11 210 11 212
22 210 22 212
13 203 15 203
18 203 20 203
13 214 15 214
18 214 20 214
17 205 17 207
16 210 16 212
13 208 15 208
18 209 20 209
12 205 16 207
18 208 21 205
13 213 15 209
17 210 20 213
34 204 34 213
36 202 45 202
47 204 47 213
36 215 45 215
35 205 35 207
46 205 46 207
35 210 35 212
46 210 46 212
37 203 39 203
42 203 44 203
37 214 39 214
42 214 44 214
41 205 41 207
40 210 40 212
37 208 39 208
42 209 44 209
36 205 40 207
42 208 45 205
37 213 39 209
41 210 44 213
58 204 58 213
60 202 69 202
71 204 71 213
60 215 69 215
59 205 59 207
70 205 70 207
59 210 59 212
70 210 70 212
61 203 63 203
66 203 68 203
61 214 63 214
66 214 68 214
65 205 65 207
64 210 64 212
61 208 63 208
66 209 68 209
60 205 64 207
66 208 69 205
61 213 63 209
65 210 68 213
82 204 82 213
84 202 93 202
95 204 95 213
84 215 93 215
83 205 83 207
94 205 94 207
83 210 83 212
94 210 94 212
85 203 87 203
90 203 92 203
85 214 87 214
90 214 92 214
89 205 89 207
88 210 88 212
85 208 87 208
90 209 92 209
84 205 88 207
90 208 93 205
85 213 87 209
89 210 92 213
106 204 106 213
108 202 117 202
119 204 119 213
108 215 117 215
107 205 107 207
118 205 118 207
107 210 107 212
118 210 118 212
109 203 111 203
114 203 116 203
109 214 111 214
114 214 116 214
113 205 113 207
112 210 112 212
109 208 111 208
114 209 116 209
108 205 112 207
114 208 117 205
109 213 111 209
113 210 116 213
130 204 130 213
132 202 141 202
143 204 143 213
132 215 141 215
131 205 131 207
142 205 142 207
131 210 131 212
142 210 142 212
133 203 135 203
138 203 140 203
133 214 135 214
138 214 140 214
137 205 137 207
136 210 136 212
133 208 135 208
138 209 140 209
132 205 136 207
138 208 141 205
133 213 135 209
137 210 140 213
154 204 154 213
156 202 165 202
167 204 167 213
156 215 165 215
155 205 155 207
166 205 166 207
155 210 155 212
166 210 166 212
157 203 159 203
162 203 164 203
157 214 159 214
162 214 164 214
161 205 161 207
160 210 160 212
157 208 159 208
162 209 164 209
156 205 160 207
162 208 165 205
157 213 159 209
161 210 164 213
178 204 178 213
180 202 189 202
191 204 191 213
180 215 189 215
179 205 179 207
190 205 190 207
179 210 179 212
190 210 190 212
181 203 183 203
186 203 188 203
181 214 183 214
186 214 188 214
185 205 185 207
184 210 184 212
181 208 183 208
186 209 188 209
180 205 184 207
186 208 189 205
181 213 183 209
185 210 188 213
202 204 202 213
204 202 213 202
215 204 215 213
204 215 213 215
203 205 203 207
214 205 214 207
203 210 203 212
214 210 214 212
205 203 207 203
210 203 212 203
205 214 207 214
210 214 212 214
209 205 209 207
208 210 208 212
205 208 207 208
210 209 212 209
204 205 208 207
210 208 213 205
205 213 207 209
209 210 212 213
226 204 226 213
228 202 237 202
239 204 239 213
228 215 237 215
227 205 227 207
238 205 238 207
227 210 227 212
238 210 238 212
229 203 231 203
234 203 236 203
229 214 231 214
234 214 236 214
233 205 233 207
232 210 232 212
229 208 231 208
234 209 236 209
228 205 232 207
234 208 237 205
229 213 231 209
233 210 236 213
10 228 10 237
12 226 21 226
23 228 23 237
12 239 21 239
11 229 11 231
22 229 22 231
11 234 11 236
22 234 22 236
13 227 15 227
18 227 20 227
13 238 15 238
18 238 20 238
17 229 17 231
16 234 16 236
13 232 15 232
18 233 20 233
12 229 16 231
18 232 21 229
13 237 15 233
17 234 20 237
34 228 34 237
36 226 45 226
47 228 47 237
36 239 45 239
35 229 35 231
46 229 46 231
35 234 35 236
46 234 46 236
37 227 39 227
42 227 44 227
37 238 39 238
42 238 44 238
41 229 41 231
40 234 40 236
37 232 39 232
42 233 44 233
36 229 40 231
42 232 45 229
37 237 39 233
41 234 44 237
58 228 58 237
60 226 69 226
71 228 71 237
60 239 69 239
59 229 59 231
70 229 70 231
59 234 59 236
70 234 70 236
61 227 63 227
66 227 68 227
61 238 63 238
66 238 68 238
65 229 65 231
64 234 64 236
61 232 63 232
66 233 68 233
60 229 64 231
66 232 69 229
61 237 63 233
65 234 68 237
82 228 82 237
84 226 93 226
95 228 95 237
84 239 93 239
83 229 83 231
94 229 94 231
83 234 83 236
94 234 94 236
85 227 87 227
90 227 92 227
85 238 87 238
90 238 92 238
89 229 89 231
88 234 88 236
85 232 87 232
90 233 92 233
84 229 88 231
90 232 93 229
85 237 87 233
89 234 92 237
106 228 106 237
108 226 117 226
119 228 119 237
108 239 117 239
107 229 107 231
118 229 118 231
107 234 107 236
118 234 118 236
109 227 111 227
114 227 116 227
109 238 111 238
114 238 116 238
113 229 113 231
112 234 112 236
109 232 111 232
114 233 116 233
108 229 112 231
114 232 117 229
109 237 111 233
113 234 116 237
130 228 130 237
132 226 141 226
143 228 143 237
132 239 141 239
131 229 131 231
142 229 142 231
131 234 131 236
142 234 142 236
133 227 135 227
138 227 140 227
133 238 135 238
138 238 140 238
137 229 137 231
136 234 136 236
133 232 135 232
138 233 140 233
132 229 136 231
138 232 141 229
133 237 135 233
137 234 140 237
154 228 154 237
156 226 165 226
167 228 167 237
156 239 165 239
155 229 155 231
166 229 166 231
155 234 155 236
166 234 166 236
157 227 159 227
162 227 164 227
157 238 159 238
162 238 164 238
161 229 161 231
160 234 160 236
157 232 159 232
162 233 164 233
156 229 160 231
162 232 165 229
157 237 159 233
161 234 164 237
178 228 178 237
180 226 189 226
191 228 191 237
180 239 189 239
179 229 179 231
190 229 190 231
179 234 179 236
190 234 190 236
181 227 183 227
186 227 188 227
181 238 183 238
186 238 188 238
185 229 185 231
184 234 184 236
181 232 183 232
186 233 188 233
180 229 184 231
186 232 189 229
181 237 183 233
185 234 188 237
202 228 202 237
204 226 213 226
215 228 215 237
204 239 213 239
203 229 203 231
214 229 214 231
203 234 203 236
214 234 214 236
205 227 207 227
210 227 212 227
205 238 207 238
210 238 212 238
209 229 209 231
208 234 208 236
205 232 207 232
210 233 212 233
204 229 208 231
210 232 213 229
205 237 207 233
209 234 212 237
226 228 226 237
228 226 237 226
239 228 239 237
228 239 237 239
227 229 227 231
238 229 238 231
227 234 227 236
238 234 238 236
229 227 231 227
234 227 236 227
229 238 231 238
234 238 236 238
233 229 233 231
232 234 232 236
229 232 231 232
234 233 236 233
228 229 232 231
234 232 237 229
229 237 231 233
233 234 236 237
